{
    "confirmation": "ChestnutMC_AOA_Preset",
    "bones": {
        "0": {
            "bone_name": "control.spine",
            "priority": 0,
            "frame_offset": 0,
            "have_start_pose": true,
            "have_end_pose": true,
            "start_pose": [
                1.0,
                0.0,
                0.0,
                0.0,
                0.0,
                0.6014799475669861,
                0.7988879084587097,
                0.0,
                0.0,
                -0.7988879084587097,
                0.6014799475669861,
                0.0,
                -0.0,
                -0.3270023763179779,
                0.304085373878479,
                1.0
            ],
            "end_pose": [
                0.6642387509346008,
                0.5971851348876953,
                -0.44961854815483093,
                0.0,
                2.9083423669362674e-08,
                0.6014798283576965,
                0.7988880276679993,
                0.0,
                0.7475205063819885,
                -0.5306524634361267,
                0.3995262086391449,
                0.0,
                -0.0,
                0.417389452457428,
                1.447371244430542,
                1.0
            ],
            "meum_expand": false,
            "anticipation_pose": [
                0.0,
                0.0,
                0.0,
                0.0,
                0.0,
                0.0,
                0.0,
                0.0,
                0.0,
                0.0,
                0.0,
                0.0,
                0.0,
                0.0,
                0.0,
                0.0
            ],
            "anticipation_pose_mode": "AUTO",
            "have_anticipation_pose": false,
            "recover_pose": [
                0.0,
                0.0,
                0.0,
                0.0,
                0.0,
                0.0,
                0.0,
                0.0,
                0.0,
                0.0,
                0.0,
                0.0,
                0.0,
                0.0,
                0.0,
                0.0
            ],
            "recover_pose_mode": "AUTO",
            "have_recover_pose": false
        },
        "1": {
            "bone_name": "control.body_lower",
            "priority": 1,
            "frame_offset": 2,
            "have_start_pose": true,
            "have_end_pose": true,
            "start_pose": [
                0.6993322372436523,
                -1.0535437411363091e-08,
                0.714796781539917,
                0.0,
                2.3620017941539118e-08,
                1.0,
                -8.369934079155428e-09,
                0.0,
                -0.714796781539917,
                2.273687726983553e-08,
                0.6993322372436523,
                0.0,
                0.0,
                0.0,
                0.0,
                1.0
            ],
            "end_pose": [
                0.882498562335968,
                -3.118550750969007e-08,
                -0.4703151285648346,
                0.0,
                -2.8315394473565902e-08,
                1.0,
                -1.194386385350299e-07,
                0.0,
                0.4703151285648346,
                1.1872158722781023e-07,
                0.882498562335968,
                0.0,
                0.0,
                0.0,
                0.0,
                1.0
            ],
            "meum_expand": false,
            "anticipation_pose": [
                0.0,
                0.0,
                0.0,
                0.0,
                0.0,
                0.0,
                0.0,
                0.0,
                0.0,
                0.0,
                0.0,
                0.0,
                0.0,
                0.0,
                0.0,
                0.0
            ],
            "anticipation_pose_mode": "AUTO",
            "have_anticipation_pose": false,
            "recover_pose": [
                0.0,
                0.0,
                0.0,
                0.0,
                0.0,
                0.0,
                0.0,
                0.0,
                0.0,
                0.0,
                0.0,
                0.0,
                0.0,
                0.0,
                0.0,
                0.0
            ],
            "recover_pose_mode": "AUTO",
            "have_recover_pose": false
        },
        "2": {
            "bone_name": "control.body_upper",
            "priority": 2,
            "frame_offset": 4,
            "have_start_pose": true,
            "have_end_pose": true,
            "start_pose": [
                1.0,
                0.0,
                0.0,
                0.0,
                0.0,
                1.0,
                0.0,
                0.0,
                0.0,
                0.0,
                1.0,
                0.0,
                0.0,
                0.0,
                0.0,
                1.0
            ],
            "end_pose": [
                1.0,
                0.0,
                0.0,
                0.0,
                0.0,
                1.0,
                0.0,
                0.0,
                0.0,
                0.0,
                1.0,
                0.0,
                0.0,
                0.0,
                0.0,
                1.0
            ],
            "meum_expand": false,
            "anticipation_pose": [
                0.0,
                0.0,
                0.0,
                0.0,
                0.0,
                0.0,
                0.0,
                0.0,
                0.0,
                0.0,
                0.0,
                0.0,
                0.0,
                0.0,
                0.0,
                0.0
            ],
            "anticipation_pose_mode": "AUTO",
            "have_anticipation_pose": false,
            "recover_pose": [
                0.0,
                0.0,
                0.0,
                0.0,
                0.0,
                0.0,
                0.0,
                0.0,
                0.0,
                0.0,
                0.0,
                0.0,
                0.0,
                0.0,
                0.0,
                0.0
            ],
            "recover_pose_mode": "AUTO",
            "have_recover_pose": false
        },
        "3": {
            "bone_name": "control.upper_arm.L",
            "priority": 3,
            "frame_offset": 6,
            "have_start_pose": true,
            "have_end_pose": true,
            "start_pose": [
                1.0,
                -2.675917043504228e-09,
                2.24789946656756e-08,
                0.0,
                -1.332551580190966e-08,
                0.7331447005271912,
                0.6800726652145386,
                0.0,
                -1.830017382076221e-08,
                -0.6800726652145386,
                0.7331447005271912,
                0.0,
                0.0,
                0.0,
                0.0,
                1.0
            ],
            "end_pose": [
                1.0,
                -4.5643961499308716e-08,
                -1.8185058792141717e-08,
                0.0,
                8.324208877752426e-09,
                0.5221571922302246,
                -0.8528493046760559,
                0.0,
                4.8422876375298074e-08,
                0.8528493046760559,
                0.5221571922302246,
                0.0,
                -5.587935447692871e-09,
                0.020886138081550598,
                -0.19795742630958557,
                1.0
            ],
            "meum_expand": false,
            "anticipation_pose": [
                0.0,
                0.0,
                0.0,
                0.0,
                0.0,
                0.0,
                0.0,
                0.0,
                0.0,
                0.0,
                0.0,
                0.0,
                0.0,
                0.0,
                0.0,
                0.0
            ],
            "anticipation_pose_mode": "AUTO",
            "have_anticipation_pose": false,
            "recover_pose": [
                0.0,
                0.0,
                0.0,
                0.0,
                0.0,
                0.0,
                0.0,
                0.0,
                0.0,
                0.0,
                0.0,
                0.0,
                0.0,
                0.0,
                0.0,
                0.0
            ],
            "recover_pose_mode": "AUTO",
            "have_recover_pose": false
        },
        "4": {
            "bone_name": "control.lower_arm.L",
            "priority": 4,
            "frame_offset": 8,
            "have_start_pose": true,
            "have_end_pose": true,
            "start_pose": [
                1.0,
                0.0,
                0.0,
                0.0,
                0.0,
                1.0,
                0.0,
                0.0,
                0.0,
                0.0,
                1.0,
                0.0,
                0.0,
                0.0,
                0.0,
                1.0
            ],
            "end_pose": [
                1.0,
                0.0,
                0.0,
                0.0,
                0.0,
                1.0,
                0.0,
                0.0,
                0.0,
                0.0,
                1.0,
                0.0,
                0.0,
                0.0,
                0.0,
                1.0
            ],
            "meum_expand": false,
            "anticipation_pose": [
                0.0,
                0.0,
                0.0,
                0.0,
                0.0,
                0.0,
                0.0,
                0.0,
                0.0,
                0.0,
                0.0,
                0.0,
                0.0,
                0.0,
                0.0,
                0.0
            ],
            "anticipation_pose_mode": "AUTO",
            "have_anticipation_pose": false,
            "recover_pose": [
                0.0,
                0.0,
                0.0,
                0.0,
                0.0,
                0.0,
                0.0,
                0.0,
                0.0,
                0.0,
                0.0,
                0.0,
                0.0,
                0.0,
                0.0,
                0.0
            ],
            "recover_pose_mode": "AUTO",
            "have_recover_pose": false
        },
        "5": {
            "bone_name": "control.upper_arm.R",
            "priority": 3,
            "frame_offset": 6,
            "have_start_pose": true,
            "have_end_pose": true,
            "start_pose": [
                1.0,
                2.5686055948881403e-08,
                7.75534925168131e-09,
                0.0,
                -1.529214266327017e-08,
                0.783111572265625,
                -0.6218812465667725,
                0.0,
                -2.204697935326294e-08,
                0.6218812465667725,
                0.783111572265625,
                0.0,
                0.0,
                0.0,
                0.0,
                1.0
            ],
            "end_pose": [
                1.0,
                1.1161037605234014e-07,
                -3.6732053843024914e-08,
                0.0,
                6.821141340651593e-08,
                -0.2968854308128357,
                0.9549131393432617,
                0.0,
                9.56730019652241e-08,
                -0.9549131393432617,
                -0.2968854308128357,
                0.0,
                8.847564458847046e-09,
                0.00035838782787323,
                0.2136136144399643,
                1.0
            ],
            "meum_expand": false,
            "anticipation_pose": [
                0.0,
                0.0,
                0.0,
                0.0,
                0.0,
                0.0,
                0.0,
                0.0,
                0.0,
                0.0,
                0.0,
                0.0,
                0.0,
                0.0,
                0.0,
                0.0
            ],
            "anticipation_pose_mode": "AUTO",
            "have_anticipation_pose": false,
            "recover_pose": [
                0.0,
                0.0,
                0.0,
                0.0,
                0.0,
                0.0,
                0.0,
                0.0,
                0.0,
                0.0,
                0.0,
                0.0,
                0.0,
                0.0,
                0.0,
                0.0
            ],
            "recover_pose_mode": "AUTO",
            "have_recover_pose": false
        },
        "6": {
            "bone_name": "control.lower_arm.R",
            "priority": 4,
            "frame_offset": 8,
            "have_start_pose": true,
            "have_end_pose": true,
            "start_pose": [
                1.0,
                0.0,
                0.0,
                0.0,
                0.0,
                1.0,
                0.0,
                0.0,
                0.0,
                0.0,
                1.0,
                0.0,
                0.0,
                0.0,
                0.0,
                1.0
            ],
            "end_pose": [
                1.0,
                0.0,
                0.0,
                0.0,
                0.0,
                0.5533006191253662,
                0.8329816460609436,
                0.0,
                0.0,
                -0.8329816460609436,
                0.5533006191253662,
                0.0,
                0.0,
                0.0,
                0.0,
                1.0
            ],
            "meum_expand": false,
            "anticipation_pose": [
                0.0,
                0.0,
                0.0,
                0.0,
                0.0,
                0.0,
                0.0,
                0.0,
                0.0,
                0.0,
                0.0,
                0.0,
                0.0,
                0.0,
                0.0,
                0.0
            ],
            "anticipation_pose_mode": "AUTO",
            "have_anticipation_pose": false,
            "recover_pose": [
                0.0,
                0.0,
                0.0,
                0.0,
                0.0,
                0.0,
                0.0,
                0.0,
                0.0,
                0.0,
                0.0,
                0.0,
                0.0,
                0.0,
                0.0,
                0.0
            ],
            "recover_pose_mode": "AUTO",
            "have_recover_pose": false
        },
        "7": {
            "bone_name": "control.head",
            "priority": 1,
            "frame_offset": 2,
            "have_start_pose": true,
            "have_end_pose": true,
            "start_pose": [
                0.6539439558982849,
                -8.485075397857145e-08,
                -0.756542980670929,
                0.0,
                -0.5071474313735962,
                0.7420464158058167,
                -0.4383704364299774,
                0.0,
                0.5613900423049927,
                0.6703485250473022,
                0.48525673151016235,
                0.0,
                0.0,
                0.0,
                0.0,
                1.0
            ],
            "end_pose": [
                0.907175600528717,
                -0.19677454233169556,
                0.37190356850624084,
                0.0,
                0.2016880214214325,
                0.9791027903556824,
                0.02607140876352787,
                0.0,
                -0.3692620098590851,
                0.051357146352529526,
                0.9279052019119263,
                0.0,
                0.0,
                0.0,
                0.0,
                1.0
            ],
            "meum_expand": false,
            "anticipation_pose": [
                0.0,
                0.0,
                0.0,
                0.0,
                0.0,
                0.0,
                0.0,
                0.0,
                0.0,
                0.0,
                0.0,
                0.0,
                0.0,
                0.0,
                0.0,
                0.0
            ],
            "anticipation_pose_mode": "AUTO",
            "have_anticipation_pose": false,
            "recover_pose": [
                0.0,
                0.0,
                0.0,
                0.0,
                0.0,
                0.0,
                0.0,
                0.0,
                0.0,
                0.0,
                0.0,
                0.0,
                0.0,
                0.0,
                0.0,
                0.0
            ],
            "recover_pose_mode": "AUTO",
            "have_recover_pose": false
        },
        "8": {
            "bone_name": "control.upper_leg.L",
            "priority": 1,
            "frame_offset": 2,
            "have_start_pose": true,
            "have_end_pose": true,
            "start_pose": [
                1.0,
                0.0,
                0.0,
                0.0,
                0.0,
                1.0000001192092896,
                0.0,
                0.0,
                0.0,
                0.0,
                1.0,
                0.0,
                0.0,
                5.960464477539063e-08,
                0.0,
                1.0
            ],
            "end_pose": [
                1.0,
                0.0,
                0.0,
                0.0,
                0.0,
                1.0000001192092896,
                0.0,
                0.0,
                0.0,
                0.0,
                1.0,
                0.0,
                0.0,
                5.960464477539063e-08,
                0.0,
                1.0
            ],
            "meum_expand": false,
            "anticipation_pose": [
                0.0,
                0.0,
                0.0,
                0.0,
                0.0,
                0.0,
                0.0,
                0.0,
                0.0,
                0.0,
                0.0,
                0.0,
                0.0,
                0.0,
                0.0,
                0.0
            ],
            "anticipation_pose_mode": "AUTO",
            "have_anticipation_pose": false,
            "recover_pose": [
                0.0,
                0.0,
                0.0,
                0.0,
                0.0,
                0.0,
                0.0,
                0.0,
                0.0,
                0.0,
                0.0,
                0.0,
                0.0,
                0.0,
                0.0,
                0.0
            ],
            "recover_pose_mode": "AUTO",
            "have_recover_pose": false
        },
        "9": {
            "bone_name": "control.upper_leg.R",
            "priority": 1,
            "frame_offset": 2,
            "have_start_pose": true,
            "have_end_pose": true,
            "start_pose": [
                1.0,
                0.0,
                0.0,
                0.0,
                0.0,
                1.0,
                0.0,
                0.0,
                0.0,
                0.0,
                1.0,
                0.0,
                0.0,
                0.0,
                0.0,
                1.0
            ],
            "end_pose": [
                1.0,
                0.0,
                0.0,
                0.0,
                0.0,
                1.0,
                0.0,
                0.0,
                0.0,
                0.0,
                1.0,
                0.0,
                0.0,
                0.0,
                0.0,
                1.0
            ],
            "meum_expand": false,
            "anticipation_pose": [
                0.0,
                0.0,
                0.0,
                0.0,
                0.0,
                0.0,
                0.0,
                0.0,
                0.0,
                0.0,
                0.0,
                0.0,
                0.0,
                0.0,
                0.0,
                0.0
            ],
            "anticipation_pose_mode": "AUTO",
            "have_anticipation_pose": false,
            "recover_pose": [
                0.0,
                0.0,
                0.0,
                0.0,
                0.0,
                0.0,
                0.0,
                0.0,
                0.0,
                0.0,
                0.0,
                0.0,
                0.0,
                0.0,
                0.0,
                0.0
            ],
            "recover_pose_mode": "AUTO",
            "have_recover_pose": false
        },
        "10": {
            "bone_name": "IK.leg.L",
            "priority": 1,
            "frame_offset": 2,
            "have_start_pose": true,
            "have_end_pose": true,
            "start_pose": [
                0.9999997019767761,
                5.490222771580618e-15,
                1.421084963300432e-14,
                0.0,
                5.490219383448829e-15,
                0.7402515411376953,
                -0.6723288297653198,
                0.0,
                -1.4210851327070215e-14,
                0.6723291873931885,
                0.7402519583702087,
                0.0,
                0.0,
                0.0,
                -0.31091293692588806,
                1.0
            ],
            "end_pose": [
                0.37569376826286316,
                0.925875723361969,
                0.0400998555123806,
                0.0,
                -0.01644875854253769,
                0.0499245747923851,
                -0.9986169338226318,
                0.0,
                -0.9265978336334229,
                0.37451499700546265,
                0.03398579731583595,
                0.0,
                -0.2063605785369873,
                -1.114452600479126,
                0.6871604323387146,
                1.0
            ],
            "meum_expand": false,
            "anticipation_pose": [
                0.0,
                0.0,
                0.0,
                0.0,
                0.0,
                0.0,
                0.0,
                0.0,
                0.0,
                0.0,
                0.0,
                0.0,
                0.0,
                0.0,
                0.0,
                0.0
            ],
            "anticipation_pose_mode": "AUTO",
            "have_anticipation_pose": false,
            "recover_pose": [
                0.0,
                0.0,
                0.0,
                0.0,
                0.0,
                0.0,
                0.0,
                0.0,
                0.0,
                0.0,
                0.0,
                0.0,
                0.0,
                0.0,
                0.0,
                0.0
            ],
            "recover_pose_mode": "AUTO",
            "have_recover_pose": false
        },
        "11": {
            "bone_name": "IK.leg.R",
            "priority": 1,
            "frame_offset": 2,
            "have_start_pose": true,
            "have_end_pose": true,
            "start_pose": [
                1.0,
                0.0,
                0.0,
                0.0,
                0.0,
                1.0,
                0.0,
                0.0,
                0.0,
                0.0,
                1.0,
                0.0,
                0.0,
                0.0,
                0.3577463626861572,
                1.0
            ],
            "end_pose": [
                0.2864883542060852,
                0.2050907462835312,
                0.935874879360199,
                0.0,
                0.3066876530647278,
                0.9057894945144653,
                -0.29238054156303406,
                0.0,
                -0.9076710343360901,
                0.3707852065563202,
                0.19659951329231262,
                0.0,
                -0.2750265300273895,
                -0.7475768327713013,
                1.4535155296325684,
                1.0
            ],
            "meum_expand": false,
            "anticipation_pose": [
                0.0,
                0.0,
                0.0,
                0.0,
                0.0,
                0.0,
                0.0,
                0.0,
                0.0,
                0.0,
                0.0,
                0.0,
                0.0,
                0.0,
                0.0,
                0.0
            ],
            "anticipation_pose_mode": "AUTO",
            "have_anticipation_pose": false,
            "recover_pose": [
                0.0,
                0.0,
                0.0,
                0.0,
                0.0,
                0.0,
                0.0,
                0.0,
                0.0,
                0.0,
                0.0,
                0.0,
                0.0,
                0.0,
                0.0,
                0.0
            ],
            "recover_pose_mode": "AUTO",
            "have_recover_pose": false
        },
        "12": {
            "bone_name": "located.hand.R",
            "priority": 4,
            "frame_offset": 8,
            "have_start_pose": true,
            "have_end_pose": true,
            "start_pose": [
                1.0,
                -1.043081283569336e-07,
                2.9802322387695312e-08,
                0.0,
                6.857442258478841e-08,
                0.8206767439842224,
                0.5713927745819092,
                0.0,
                -8.405898199725925e-08,
                -0.5713927745819092,
                0.8206767439842224,
                0.0,
                0.0,
                0.0,
                0.0,
                1.0
            ],
            "end_pose": [
                1.0,
                -1.043081283569336e-07,
                2.9802322387695312e-08,
                0.0,
                6.857442258478841e-08,
                0.8206767439842224,
                0.5713927745819092,
                0.0,
                -8.405898199725925e-08,
                -0.5713927745819092,
                0.8206767439842224,
                0.0,
                0.0,
                0.0,
                0.0,
                1.0
            ],
            "meum_expand": false,
            "anticipation_pose": [
                0.0,
                0.0,
                0.0,
                0.0,
                0.0,
                0.0,
                0.0,
                0.0,
                0.0,
                0.0,
                0.0,
                0.0,
                0.0,
                0.0,
                0.0,
                0.0
            ],
            "anticipation_pose_mode": "AUTO",
            "have_anticipation_pose": false,
            "recover_pose": [
                0.0,
                0.0,
                0.0,
                0.0,
                0.0,
                0.0,
                0.0,
                0.0,
                0.0,
                0.0,
                0.0,
                0.0,
                0.0,
                0.0,
                0.0,
                0.0
            ],
            "recover_pose_mode": "AUTO",
            "have_recover_pose": false
        }
    },
    "settings": {
        "frame_length": 20,
        "use_average_frame_length": false,
        "keyframe_offset": true,
        "uniform_offset": true,
        "uniform_offset_value": 2,
        "use_anticipation_pose": true,
        "anticipation_pose_offset": 5,
        "anticipation_pose_intensity": 50,
        "use_recover_pose": true,
        "recover_pose_offset": 5,
        "recover_pose_intensity": 50
    }
}